/**:
  ros__parameters:
    camera:
      cam_model: Pinhole
      cam_width: 1280
      cam_height: 720
      scale: 1.0
      cam_fx: 691.464783
      cam_fy: 692.229814
      cam_cx: 666.939107
      cam_cy: 356.419891
      cam_d0: -0.298524
      cam_d1: 0.068119
      cam_d2: 0.000204
      cam_d3: 0.000403